### Network ID: o1_3_best ###
6,4,1
weights:
0.36992912397750427,-0.0902807070687428,-0.22584885143068542,0.022368859004297845,-0.1685753727757189,-0.13092592793178104
0.24792360088861756,-0.11303263661929211,0.03171023691935426,-0.22817693247331405,-0.14065243068873862,0.06709868441276065
-0.00766945566262809,-0.22664816656155395,-0.23770749510373362,0.2748131190222075,-0.16706824397194453,-0.0481094646417482
-0.027516299496920783,-0.1660111680753386,-0.20324799258790477,-0.024459863321548245,0.31289227897045735,0.05171177375566101
biases:
-0.10910615200574394
0.21179491167507541
0.36407020047387817
-0.3182678679604673
4,3,1
weights:
-0.042559856657354025,0.04703037828734742,0.13249043478492586,-0.06528128997304153
0.2791675808873817,0.030411055544366634,0.05693894103365796,0.1527037515987737
-0.006057595523814845,-0.2294457484616402,0.035997418986517454,-0.08790396887616991
biases:
-0.004013611723401698
-0.04227298412076913
-0.08707893506007752
3,1,1
weights:
0.21258762160208786,0.004711090802540291,-0.0023733569765056503
biases:
-0.07017821724832565
### End of Network ###
### Network ID: o1_3_best ###
6,4,1
weights:
0.3467933761985821,-0.1228016691848246,-0.2503594758864893,0.047730094575239156,-0.19643323806637972,-0.10349598508268681
0.38073203128701194,-0.11393528210467133,0.038572085096139345,-0.2721281031783506,-0.11109244365171692,0.06709868441276065
-0.007468578928215397,-0.20326775333154667,-0.2573794481303952,0.22461808885113146,-0.21067959007388415,-0.0481094646417482
-0.047227315177084325,-0.12468382685775765,-0.21741820836456235,-0.004262876784925505,0.3199533289340808,0.10532003612254723
biases:
-0.16988491036519227
0.1749623456788529
0.36407020047387817
-0.3182678679604673
4,3,1
weights:
-0.054211043680478896,0.06535120715082107,0.13249043478492586,-0.06528128997304153
0.26186186248047394,-0.0428327217188947,0.0925254580990888,0.19928435856908858
-0.03555857544539313,-0.2294457484616402,0.05993376420692013,-0.10954247467604428
biases:
-0.004013611723401698
-0.005942750445788944
-0.09360811257759823
3,1,1
weights:
0.21258762160208786,0.004711090802540291,-0.0023733569765056503
biases:
-0.06620081744902664
### End of Network ###
### Network ID: o1_3_best ###
6,4,1
weights:
0.36992912397750427,-0.0800478794616711,-0.19569395282435484,-0.014411185269713064,-0.1900999870511087,-0.13092592793178104
0.21614346020031813,-0.06534671481754394,0.10265876525114817,-0.18261697363047116,-0.18557826803043484,0.11370023066681227
-0.051099593619196415,-0.20449595353989256,-0.26923576691269485,0.2591070082420061,-0.18838930291530107,-0.06959255001330242
-0.05600337443595065,-0.1698194464102533,-0.19480709693207054,0.015075315479553826,0.2545233593186144,0.08435648266556986
biases:
-0.11322471560217251
0.20170136480926268
0.48812300710419876
-0.33032151981788777
4,3,1
weights:
-0.061953661066760445,0.03836471943594533,0.14195547259005475,-0.06528128997304153
0.3962117853194865,-0.00018976435868385544,0.08197734909850612,0.15557902958433234
0.06740007658187867,-0.2759228257690797,0.0015518934740232082,-0.09586377260350096
biases:
-0.004013611723401698
-0.01138688084335774
-0.08707893506007752
3,1,1
weights:
0.21258762160208786,0.004711090802540291,-0.0023733569765056503
biases:
-0.07017821724832565
### End of Network ###
### Network ID: o1_3_condi ###
6,4,1
weights:
0.40850827292823266,-0.12874252588764243,-0.2371360568185076,0.022368859004297845,-0.1685753727757189,-0.08619998456703573
0.22483901086065194,-0.11303263661929211,-0.013108337521031597,-0.22817693247331405,-0.14065243068873862,0.07302951219446224
-0.05059959072720649,-0.24500270903278937,-0.23770749510373362,0.2748131190222075,-0.12294319322367406,-0.09177278534789185
-0.059425140701985624,-0.18147799191912273,-0.24881629619079224,0.012060667782790677,0.2867622269942228,0.05171177375566101
biases:
-0.15875287159248871
0.21519006076802985
0.36407020047387817
-0.33727076745353396
4,3,1
weights:
-0.11006517722850416,0.07519855808689613,0.13249043478492586,-0.06528128997304153
0.25453170138297626,0.030411055544366634,0.05693894103365796,0.1527037515987737
-0.006057595523814845,-0.24756236416342134,0.017479763335289243,-0.08790396887616991
biases:
-0.004013611723401698
-0.029345488091959
-0.12056274627814254
3,1,1
weights:
0.21258762160208786,0.004711090802540291,-0.0023733569765056503
biases:
-0.07017821724832565
### End of Network ###
### Network ID: o1_3_condi ###
6,4,1
weights:
0.36992912397750427,-0.04685192310756494,-0.28340431462781457,0.022368859004297845,-0.1906275552510718,-0.1312364601611678
0.24792360088861756,-0.11303263661929211,0.10101237887431727,-0.2516222286064662,-0.0769488670243601,0.06709868441276065
-0.03325673199938878,-0.19319428715503187,-0.26806037072592453,0.31692670973826753,-0.19165517942372226,-0.0481094646417482
-0.027516299496920783,-0.1660111680753386,-0.21397176118533684,0.004899832914848169,0.2686301384141025,0.04805054592732241
biases:
-0.14923722171976772
0.200827458928213
0.4014122108741291
-0.33186247263677343
4,3,1
weights:
-0.042559856657354025,0.04703037828734742,0.14684516646435652,-0.06528128997304153
0.2669084920024042,0.12065986506720738,0.05693894103365796,0.1527037515987737
-0.006057595523814845,-0.1985627645906887,0.007063657328185029,-0.06397153720769136
biases:
-0.004013611723401698
-0.04227298412076913
-0.08707893506007752
3,1,1
weights:
0.21258762160208786,0.004711090802540291,-0.0023733569765056503
biases:
-0.07017821724832565
### End of Network ###
### Network ID: o1_3_condi ###
6,4,1
weights:
0.3717834260540689,-0.08521724896784835,-0.2520087876325583,0.013283079717980054,-0.17681348216240286,-0.10713856408378017
0.2427765937037244,-0.09589412172581988,0.04191203236295448,-0.28526680015409034,-0.13074915659589817,0.08834409468661819
0.004762536791679907,-0.16800446048297998,-0.22344576788607481,0.29615428214555195,-0.0726846257277444,-0.0594406437887514
-0.025161270432044004,-0.23337414597463016,-0.368063587257649,-0.033475357262420326,0.3298957028237313,0.058657293860913985
biases:
-0.1406138472548354
0.2747585770178352
0.34821042795066454
-0.3922950687408503
4,3,1
weights:
-0.04290615524135672,0.0816263884649798,0.1378181801473336,-0.11050666705186506
0.23519063474618,-0.11047677345716647,0.09603917604411019,0.16436109605856503
-0.025881035970567436,-0.18906856158943514,0.09802500459565991,-0.07271660718814119
biases:
-0.004013611723401698
-0.03078832750251597
-0.04115808988174728
3,1,1
weights:
0.21258762160208786,0.004711090802540291,-0.0023733569765056503
biases:
-0.07017821724832565
### End of Network ###
### Network ID: o1_3_condi ###
6,4,1
weights:
0.42120949351171155,-0.12874252588764243,-0.2371360568185076,0.022368859004297845,-0.1685753727757189,-0.08619998456703573
0.2161333456477506,-0.11303263661929211,-0.013108337521031597,-0.2358642946341551,-0.14065243068873862,0.05499102976769929
-0.05059959072720649,-0.27495515736530773,-0.23770749510373362,0.2748131190222075,-0.12294319322367406,-0.09177278534789185
-0.05842278600120913,-0.19369447960975125,-0.24881629619079224,0.012060667782790677,0.2867622269942228,0.05171177375566101
biases:
-0.15875287159248871
0.21519006076802985
0.3429837349330678
-0.33727076745353396
4,3,1
weights:
-0.11006517722850416,0.07519855808689613,0.13249043478492586,-0.06528128997304153
0.24266255019632593,0.07096044044215383,0.05693894103365796,0.1527037515987737
-0.006057595523814845,-0.24756236416342134,0.05577634005348336,-0.08790396887616991
biases:
-0.004013611723401698
-0.029345488091959
-0.12056274627814254
3,1,1
weights:
0.21258762160208786,0.004711090802540291,-0.0023733569765056503
biases:
-0.07017821724832565
### End of Network ###
### Network ID: o1_3_condi ###
6,4,1
weights:
0.5388592797859867,-0.11939583636489394,-0.22921529479304759,-0.04269584335903194,-0.2218682048825258,-0.11158395959501827
0.2794192840731682,-0.11150365657598187,-0.016524502796904206,-0.17667510245995255,-0.046815855010776564,0.14407466115186696
-0.15827490304784048,-0.31516061645341575,-0.32245353692346845,0.29162791896681284,-0.1924618851779462,-0.11855760817087077
-0.09382730522999988,-0.2031774590162288,-0.2510918738403005,-0.01019106453939271,0.31129573156105883,0.0737608895999453
biases:
-0.18052525859601304
0.2198275469115542
0.42119974080150746
-0.37677294611255957
4,3,1
weights:
-0.1545921911859387,0.07519855808689613,0.20217302945121335,-0.06528128997304153
0.21795245653116918,0.06864808617269588,0.11621584308654288,0.21159564268506084
0.024114958820236065,-0.178660828172537,0.017479763335289243,0.1654527609751889
biases:
0.0030981782015028284
-0.005614260168324128
-0.16387526922188306
3,1,1
weights:
0.21258762160208786,0.004711090802540291,-0.0023733569765056503
biases:
-0.09014782955263356
### End of Network ###
### Network ID: o1_3_0.5 ###
6,4,1
weights:
0.5069072012033977,-0.12874252588764243,-0.3626978004956129,0.15742743046019586,-0.15466325286963215,0.007714597628255063
0.22483901086065194,-0.1636598317731635,0.057138366110634504,-0.2388286411178074,-0.04825047942160367,-0.006764271838967953
-0.08290709080819142,-0.2781208721853153,-0.21131034528403891,0.35291989470610563,-0.06005725518275942,-0.04575010706704684
-0.10606054497130724,-0.1111891505880418,-0.2934955113633827,-0.004223976519291878,0.2342453902526449,-0.042118084391227106
biases:
-0.22746416761658594
0.3323839856552163
0.29178672480130896
-0.3494630478654092
4,3,1
weights:
-0.08222177687157906,0.07519855808689613,0.14983706473167555,-0.19106673726311293
0.2122226791870935,-0.021874017468478835,0.190905151172659,0.13000715219349246
0.024476957027728195,-0.24756236416342134,-8.409253655619273e-05,-0.02908512976923089
biases:
0.05594896247309958
-0.029345488091959
-0.09712119873701486
3,1,1
weights:
0.21258762160208786,0.004711090802540291,-0.0023733569765056503
biases:
-0.1004105478371452
### End of Network ###
